time,x,y,z,phi,theta,psi,x_velocity,y_velocity,z_velocity,phi_velocity,theta_velocity,psi_velocity,rotor_speed1,rotor_speed2,rotor_speed3,rotor_speed4
0.06,-3.5992576248111816e-07,2.8355830958069316e-06,10.00761103489699,0.0013976910896413841,0.00027865128383641746,0.0,-3.103401276495979e-05,0.00020717708236482705,0.2536786657796662,0.049480371326323824,0.012608326727063149,0.0,483.86440964324476,484.8124314329528,480.2039795466492,483.94224133132053
0.12000000000000001,-1.1838722128680884e-05,6.023957612693565e-05,10.028319197758362,0.004120372885566326,0.0007255791232045894,0.0,-0.0004235111171849899,0.0020332510759965092,0.4365399798897286,0.03556178644674905,-0.005648225816800814,0.0,464.10924209091877,462.67427252546315,462.22728709190596,461.13037613427804
0.18,-5.4728805755031316e-05,0.0002905923438792166,10.060874288820393,0.006028147007621776,0.0013031108506860178,0.0,-0.0010326086172872963,0.005885955825799738,0.6485319439856264,0.02293885528452334,0.029738538997125894,0.0,469.7701620883918,472.5056860768632,472.00682372215186,471.0321004326808
0.23999999999999996,-0.00015121512095196205,0.0007773920851468259,10.10331864838608,0.0078234568022717,0.002813929826906758,0.0,-0.002358020725780296,0.010509040446729826,0.7662065928382455,0.04112855044421628,0.014001376793688423,0.0,443.8321607310359,442.5389680446434,441.92346698435006,443.4203298870386
0.3,-0.0003656937009513864,0.001611294130453754,10.15620025985663,0.010203808512160073,0.00369888303474486,0.0,-0.0048954016600721946,0.01758042499954311,0.9963387424616857,0.03658957321292308,0.016204411868812517,0.0,476.27518080685616,476.44350029348686,477.8895219495275,477.5441409538834
0.36000000000000004,-0.0007485239408208525,0.002910783814851498,10.221243949131123,0.01330190104259632,0.004850384035310462,0.0,-0.007985783422797106,0.026045116315978944,1.171616830782745,0.07153888088691689,0.024581073479543074,0.0,461.1740671040297,461.83510335176794,459.49097286295887,462.25441368174904
0.4200000000000001,-0.0013556143169711086,0.004825322434607814,10.298841436962311,0.017584542029195127,0.0063831813012997785,0.0,-0.012434513770221157,0.03829711264478959,1.4146884851310644,0.07105249125122536,0.027410746537748408,0.0,481.01141342818084,481.22569564607784,481.98077049109673,481.94749564808023
0.48000000000000015,-0.0022487990278146383,0.007526441784953885,10.38800158382529,0.02137077534577525,0.008355405860546838,0.0,-0.01753484395812511,0.05218225492005662,1.5571228807511301,0.03824926058604007,0.042011361704543226,0.0,451.72137425568906,452.8975105547169,453.36007805005727,450.71951590383003
0.5400000000000001,-0.003479543297831576,0.011097586288436394,10.483966225846052,0.02364972387563391,0.011269771711972076,0.0,-0.023762368838750686,0.0670811800009186,1.641572660237123,0.03744362981924682,0.05922304410488501,0.0,433.82373590514896,435.2678907362249,434.29899884246845,434.2321579397159
0.6000000000000002,-0.005170277942554743,0.015657220439649847,10.587020187808477,0.025918640326515252,0.014581248604244479,0.0,-0.0329709252452248,0.08514849450338506,1.7933220348597727,0.03854821654201715,0.04558029559552843,0.0,456.5533046520955,455.46551761740045,455.38293895176673,455.4719268924299
0.6600000000000003,-0.007509244448530361,0.021395274194544095,10.700841198763605,0.028110650941628457,0.017551308955190414,0.0,-0.045326835595250185,0.10637645861570019,2.000359140985772,0.03216558461455014,0.05636984822289026,0.0,472.3612895672746,473.19389868720117,473.0579671706996,472.56678643264
0.7200000000000003,-0.010639895328914113,0.028421634147494747,10.825810277499944,0.03021344706654716,0.02063696244619795,0.0,-0.05938643879980411,0.12805207585092754,2.1649646976442445,0.040261299972331334,0.039046175896357935,0.0,462.1471765361627,460.7813144324135,459.97656146931195,460.6176761807921
0.7800000000000004,-0.014716863178930839,0.03685197665527335,10.96241492523157,0.032745114488529126,0.023057990188807054,0.0,-0.07678978377955732,0.15324289171719305,2.3880669480850303,0.045803755732115876,0.0428385248612116,0.0,478.4306178430619,478.71997087822143,478.9616829725143,479.3838203757945
0.8400000000000004,-0.01986878583046878,0.046815038838944126,11.111152741823718,0.035255159754377985,0.025821264908913122,0.0,-0.09523676329789285,0.17914691702137983,2.5694497732678863,0.032400018213050955,0.05181355696676007,0.0,467.31044130054414,468.010618344758,467.9218235285015,466.878069711275
0.9000000000000005,-0.026284943369340823,0.05851013594623799,11.274230866454884,0.037168217685093374,0.028555703724654435,0.0,-0.11900564978716707,0.21091645300919917,2.865769568137897,0.030832577514227497,0.028614286309609663,0.0,502.08789364660396,500.4028956269941,501.70131692172157,501.58774332768115
0.9600000000000005,-0.03406480945375505,0.07199494945799347,11.450646230805175,0.03883061809588284,0.030206422923171772,0.0,-0.14049632573335852,0.23875460284763816,3.0143451778073427,0.020579907905496766,0.025211220376847455,0.0,459.6950672826295,459.42548492977164,460.85953246814233,460.0486030738914
1.0200000000000005,-0.0432428552731416,0.08727590867855012,11.638316567998986,0.040204442979035804,0.031120415655378153,0.0,-0.1655993081551316,0.2707430894004743,3.2407013501672766,0.02716915226698305,-0.03197934978894972,0.0,486.84506898329306,482.5470106606063,482.7085573027637,483.20554099473776
1.0800000000000005,-0.053836877517194105,0.10438487669940769,11.836448488633835,0.041429488578966556,0.02951294868723675,0.0,-0.18734027806941864,0.29969663415135606,3.3633367756627823,0.001367480768133365,-0.018036142803996562,0.0,454.2694653078102,455.3860144010419,454.65050085337816,452.5784798091593
1.1400000000000006,-0.0656585306539268,0.12318664171677467,12.040387911317024,0.04163520747186933,0.028153586379826123,0.0,-0.20659201470710728,0.32703278438626626,3.4344308502323635,0.00726171239511836,-0.034024941349321464,0.0,439.9042520780156,438.5781528968561,438.21856374740355,438.70820210002347
1.2000000000000006,-0.07859219052026063,0.14361360682479188,12.248116992334877,0.042015964380964554,0.02644826497668351,0.0,-0.2243492328924362,0.35389630545196477,3.489703220501764,0.004448398315087019,-0.019079291590092185,0.0,433.5160698019656,434.7698552346347,434.468859177273,434.2328080230943
1.2600000000000007,-0.09265059184774235,0.1658014437962235,12.462551987849146,0.04192150232024083,0.025481881277049645,0.0,-0.24413365204706775,0.38568832657245394,3.6576043448848767,-0.017713787611384646,-0.010740352775507302,0.0,469.6065555078102,470.2530729750714,469.8136853573305,468.0921754462249
1.3200000000000007,-0.1077329913578405,0.1896538263187499,12.681422403908543,0.041446096294552426,0.024500762016638866,0.0,-0.2585498994119754,0.40933033969200905,3.6381394554359936,0.006693162704917242,-0.03099213598443047,0.0,412.1635778076013,410.3697154224498,409.7990000396403,411.9630245123306
1.3800000000000008,-0.12362168087287065,0.21485506398530363,12.897540925579491,0.042587622829077354,0.02254665634421471,0.0,-0.2709340825396715,0.43078285859844123,3.566037484980196,0.03635627251664515,-0.03592294472591728,0.0,393.284900096385,392.82733771959545,390.80629749398787,393.56172217741755
1.4400000000000008,-0.1403889794914458,0.24168716668773899,13.116821202798894,0.04474485955459695,0.02065187718519823,0.0,-0.28773653598718335,0.4638401070828935,3.7427300647602766,0.035137085922172115,-0.02406609369327176,0.0,471.52154058638024,472.4363541653487,473.1501772769606,473.05679224715306
1.5000000000000009,-0.1580200834209014,0.2703216502117443,13.341610929669558,0.04680465771867581,0.01876102907005439,0.0,-0.29982696922831603,0.49082326207208476,3.7502249733840127,0.03266517282058944,-0.05374760670366334,0.0,422.0547585308991,419.48437305465853,420.93547720209955,420.72205448686395
1.560000000000001,-0.17639177284830632,0.3007523332269842,13.569843943108737,0.048670509732624545,0.015714971582726278,0.0,-0.3122355695131853,0.5237106570734045,3.8571771393829435,0.02776255199616048,-0.045391533831865755,0.0,451.0181920925822,451.6909951338816,454.2772913284782,453.88428548791694
1.620000000000001,-0.1953876898689369,0.33300460889161176,13.800637051833055,0.049950998585298834,0.012829996965037616,0.0,-0.320729234640684,0.5514934628386874,3.8359911854981044,0.0036593850833537937,-0.05409492078939646,0.0,412.71586544993005,411.9452784668696,412.86106453719503,410.72879959952206
1.680000000000001,-0.21490698027730445,0.3672024377432654,14.035397122620058,0.05009300403038264,0.009345405793960815,0.0,-0.3295414579348397,0.5884238407850476,3.988821776405823,-0.0003528519344099747,-0.06754299003018616,0.0,467.6992217969263,466.64835941330256,467.5486678784649,467.2359044442336
1.740000000000001,-0.23485279813765184,0.40349195607599936,14.276804834225446,0.05080401653418498,0.005124567503462352,0.0,-0.3349169474126487,0.6212508222319563,4.057857627294374,0.02905141483299596,-0.07664272468151218,0.0,442.62509912305427,441.8716778567459,441.7454147756441,444.16363718089906
1.8000000000000012,-0.2550318018733355,0.44171614813745574,14.521307247173887,0.05234630839293963,0.00028187413313229825,0.0,-0.33728420904306716,0.6530311729593024,4.09209139473199,0.017993837699698364,-0.0904267273927322,0.0,432.6198426134835,431.4519950350737,432.4334481631884,431.50104872059603
1.8600000000000012,-0.27526342668628967,0.48162699820127647,14.763184631647885,0.053569053742581474,6.278119045073375,0.0,-0.33673215416596847,0.6774286052944117,3.970915410803197,0.024766873154598874,-0.08667258309686524,0.0,378.92598200113224,379.2786177063686,377.8521862115335,378.50471731353997
1.9200000000000013,-0.295340651230097,0.5234436964378525,15.005672841013899,0.055102297427838565,6.273098433630135,0.0,-0.33196235569602756,0.7165924260781411,4.111512342127574,0.027083512041441216,-0.07827650466238206,0.0,464.0760594798064,464.72925068388776,464.7053752845266,464.8870322287283
1.9800000000000013,-0.31502583338053936,0.5676383931525864,15.256503211243878,0.05688833747964228,6.269036923121188,0.0,-0.3237524336463753,0.7567145081341511,4.248976663307731,0.0346562475477852,-0.05219871796989172,0.0,463.584886451342,465.6261313679632,464.511774033417,465.1055195015819
2.0400000000000014,-0.3341417501660058,0.6142554549868146,15.515150800165802,0.05898364638586706,6.265549856977504,0.0,-0.31310751343326404,0.7973750182805865,4.3721189050503115,0.03544761787590378,-0.07385953618820928,0.0,462.96507548477433,461.25510404618666,460.76381472681084,460.8268515962636
2.1000000000000014,-0.3525508934100586,0.6633192285420579,15.780563239606233,0.06123444597203509,6.261078807596199,0.0,-0.3000833586839416,0.8382783510245236,4.474535892663216,0.04135317636100187,-0.07586619079396864,0.0,455.5503498873141,455.38565140953807,456.5740496609609,457.04563375293014
2.1600000000000015,-0.3701019403460537,0.7148401370416252,16.051404691876524,0.0638853291563457,6.25659390319089,0.0,-0.2845129298431357,0.8793133234715812,4.5531656405925185,0.04930879433392044,-0.0726028299048045,0.0,449.89434615635435,450.154219218799,448.9968002483317,449.64291291060135
2.2200000000000015,-0.3866169107251163,0.7689062460341227,16.327419568027565,0.06660783927780578,6.252077215994527,0.0,-0.2655490977438812,0.9231470162245768,4.646908794384707,0.036044416490126324,-0.08124822831004552,0.0,455.8622540553522,455.1664868094413,455.191313171949,454.12959656870436
2.2800000000000016,-0.4019140395267897,0.8256238335367075,16.608607046685275,0.06876121353700704,6.247321153363817,0.0,-0.24389005261691116,0.9676217918410899,4.7256421625318685,0.035578138202797524,-0.07557701514629425,0.0,450.0819092437781,450.53576504854436,452.33767401378526,452.3006659944124
2.3400000000000016,-0.41584993986400365,0.8849901392678974,16.893628379148264,0.0704306094372864,6.242411524815559,0.0,-0.22020540372371009,1.0114183478818761,4.774821671274786,0.004013559012006172,-0.09881886561839046,0.0,443.74882850804914,441.83082608707736,444.1184249010265,441.52175001825157
2.4000000000000017,-0.42817206048588363,0.9471644961864638,17.183823763557047,0.07036616448062105,6.236191694240727,0.0,-0.18991619135592616,1.0610219706837192,4.897800466774992,-0.013934664264162224,-0.11572667767232876,0.0,466.97440655436344,465.64448531881663,466.6187011003859,465.2153210333629
2.4600000000000017,-0.4385762074732997,1.012253941696295,17.480643143122002,0.06943093621209862,6.22927019658548,0.0,-0.15620433650390367,1.1084906532376047,4.995721495685857,-0.019115620939336615,-0.11463219060880772,0.0,460.2294746852671,460.3047192408698,459.2227266080875,458.81162676905086
2.520000000000002,-0.4467766680054127,1.0802159955525166,17.78402646508407,0.06826202679648397,6.222416123250634,0.0,-0.11645217856657025,1.1567350537715886,5.116483471872079,-0.020224418004155042,-0.11345162549548359,0.0,467.3189744828469,467.4000708095111,467.6912722511459,467.6049535114483
2.580000000000002,-0.4526043705542107,1.1508715824580318,18.092118680118585,0.06674350706718446,6.215018288101923,0.0,-0.07717713772918554,1.1982977691549062,5.153056301425162,-0.03815456983300446,-0.1657017911444461,0.0,444.12658671193554,439.8034216836361,444.1131005495548,442.63960916316546
2.640000000000002,-0.4558781862046582,1.2240290879069757,18.403063807205903,0.0644062666200984,6.204628134453209,0.0,-0.03100164096943524,1.2400247246252054,5.211464870410104,-0.04060240327301217,-0.19544912203424442,0.0,451.5880529999173,449.15234450149967,449.71346965512345,449.5143878162216
2.700000000000002,-0.45611212654825917,1.2996881750093625,18.71825545087833,0.062095331236865725,6.192862075343097,0.0,0.024340440602857043,1.281660684609355,5.294463894374393,-0.03463927223039086,-0.197435399516634,0.0,457.98509020751465,457.79071737959,458.47096166219063,458.94389230600905
2.760000000000002,-0.4527923768919395,1.3777922816945711,19.038364294568215,0.05971118506878348,6.181154196026853,0.0,0.08745000635397426,1.321542692871516,5.375355687955864,-0.052619713319837745,-0.19088762854161873,0.0,458.5381869685419,459.02223561027137,459.1664368442973,457.73673320854516
2.820000000000002,-0.44515620946949747,1.4583999861326151,19.366134791162043,0.05685148582267008,6.169215201311211,0.0,0.1683120878413652,1.3649649675880062,5.549372657529589,-0.039240221171961076,-0.22461651942906607,0.0,487.5647214311155,485.00148948158375,487.9484019140827,488.9451408386681
2.880000000000002,-0.4328100156638706,1.5413404562742576,19.700699238479313,0.054613185622727656,6.155718078711651,0.0,0.24447824564181633,1.3994568827936555,5.602369855209226,-0.033691972299642714,-0.22563036489018737,0.0,453.66574572952425,453.5352240965845,452.0818614885574,452.52813963629495
2.940000000000002,-0.41541425570846296,1.6263939511149836,20.04009063060241,0.052630883184774824,6.142135243218782,0.0,0.33670710313777374,1.4353949005943152,5.709950828471608,-0.03176245503915291,-0.22792186722088895,0.0,470.49406991664813,470.2687940630916,470.656958525231,470.8059388350265
3.000000000000002,-0.392527891675328,1.7134389210015688,20.38363554055081,0.05117811430161989,6.128364688516175,0.0,0.4274067045179468,1.4659158278128595,5.741184252164425,-0.012278695997811005,-0.2328826158967077,0.0,448.6605544073009,448.2056181221529,447.7910247218923,449.37335324905894
3.0600000000000023,-0.36397464643875926,1.8022759221845819,20.72881296572769,0.050504655079985916,6.113914450775653,0.0,0.5256250253352073,1.495219674107832,5.7643650392850345,-0.00919483177373112,-0.2656472212982223,0.0,448.2165842059184,445.4859434281454,446.54173890267333,446.79340808718774
3.1200000000000023,-0.3294669896112739,1.8927932516168944,21.074125505852262,0.05029886930264649,6.0982671690900645,0.0,0.6259721569285986,1.521969861589064,5.745856626140422,0.006141038375468893,-0.2525243198965346,0.0,433.6787590892764,434.70943468135624,433.3876762138921,434.6750841823642
3.1800000000000024,-0.28902280221179694,1.9848167823113578,21.41644134291352,0.050608778661684894,6.083710877160129,0.0,0.7233492598912088,1.54549989162437,5.664786899906289,0.003138158428836285,-0.2278668979942904,0.0,412.85533986745634,414.96125639898594,413.18817413768437,412.92320727234454
3.2400000000000024,-0.2422221560722353,2.0783251247883747,21.755288114030815,0.05142366602326032,6.069681130593674,0.0,0.8378276622507099,1.5714698856952756,5.629940911283617,0.02892604646702699,-0.24969483860530794,0.0,429.8771990981245,427.96570346039863,427.9458909817994,430.135738045481
3.3000000000000025,-0.18766737812894363,2.1735568134314636,22.094935406874153,0.05311936600898637,6.054814007805234,0.0,0.9820107343521534,1.6030359664181295,5.6908699235452636,0.0268988707912238,-0.24422362977041523,0.0,460.439026673055,460.812585884898,460.23721595838435,460.0768964837247
3.3600000000000025,-0.12437691199045482,2.270663230729828,22.43730012062281,0.05491342775974495,6.0402693507319505,0.0,1.1289432353611561,1.6339575197013014,5.720652701717474,0.03531424293536181,-0.2390185471409424,0.0,451.4960985962908,451.85820391199513,452.3605454339143,453.0380820726136
3.4200000000000026,-0.052119858420143626,2.369627780350194,22.780908182915237,0.05677451244982379,6.025954126071319,0.0,1.2808453337067918,1.6649979560280066,5.732372099683618,0.020630769295900606,-0.23773950655095571,0.0,446.8258134769278,446.87361580367195,449.29429254379295,448.1023159967585
3.4800000000000026,0.02917848679954643,2.4704083068331113,23.123905338400913,0.0579912957896509,6.011640981897187,0.0,1.4302742712969108,1.6944207933810491,5.700503995630048,0.019568283335408825,-0.24022635706542528,0.0,435.24236729222434,434.97597881170884,434.34395390941495,434.2548054621035
3.5400000000000027,0.11990823281484404,2.573014350572108,23.465722595220885,0.059057514786730714,5.997091478932408,0.0,1.595247274660215,1.7258314156805437,5.692851047239637,0.013907593897431372,-0.24744693799585815,0.0,443.69014640798247,443.0377609139354,444.0894871823255,443.62475836618245
3.6000000000000028,0.22059244435757303,2.6774759118607734,23.80633979073953,0.06002580047163608,5.983227455845347,0.0,1.762042268790737,1.7562535917642896,5.660605481371508,0.020262360640290782,-0.21002642186819126,0.0,434.9614622840118,438.02874110315054,436.61435053719487,437.14423474962473
3.660000000000003,0.3323497473814937,2.7839349728276206,24.147640925278505,0.0610261788462676,5.9709308978465785,0.0,1.9642022257177956,1.792415553270632,5.715134483173803,0.00830261537273047,-0.19634966742175652,0.0,465.65110159546674,466.6806979514882,466.273004036817,465.3374593751135
3.720000000000003,0.45716154978282997,2.892702605838472,24.49426083559969,0.06124615825781632,5.959833535756221,0.0,2.197060595797061,1.8331096650456182,5.837477662989864,-0.007755999394428952,-0.16861013200195038,0.0,488.39061174564085,490.4251239555362,489.17199196560114,487.9744394840207
3.780000000000003,0.5946016092428993,3.0036191908742405,24.843488196452963,0.06034728093216746,5.949314818919653,0.0,2.385052052222805,1.8640104009532965,5.802993560483236,-0.036148553546522,-0.19410828516947484,0.0,442.3604145085576,440.22462538489776,443.62425911372986,441.28621070062053
3.840000000000003,0.7432458303114735,3.1163178919373182,25.18986651708759,0.058295582932132106,5.937912134359051,0.0,2.570627697798577,1.892400051433308,5.742612320889623,-0.030549803526392465,-0.18296446319145407,0.0,433.47197937905094,434.3714492789893,434.08500620954146,434.55417310151404
3.900000000000003,0.904343222346055,3.2308628159144575,25.535717811768382,0.05680405070447403,5.927470244839215,0.0,2.800024195329185,1.9255274286794661,5.78477471345444,-0.015392775803059222,-0.16042221369904747,0.0,468.74892452601256,470.46998813497447,467.54704631790287,468.72660069818954
3.960000000000003,1.0787018325332693,3.3472564318361795,25.882185808671156,0.05557790802829299,5.918055507140274,0.0,3.0125748319692507,1.954114009912107,5.763554011276175,-0.03314732632041303,-0.1506902042494016,0.0,450.4716058446679,451.2350648072761,450.47300874531925,449.03466539762036
4.020000000000002,1.2652765046955925,3.465234238308182,26.225538832740558,0.05363323173926382,5.9097646009157305,0.0,3.2071850578196095,1.9782933755877339,5.681334472934289,-0.030978639440597547,-0.1206888433390834,0.0,429.27565419496136,431.7954820022989,430.94884275874915,431.1317342878515
4.080000000000001,1.4641426043235701,3.5846941116794913,26.56519503945651,0.05172000053962744,5.902667040268394,0.0,3.4221119081426714,2.003499865039061,5.640099091939521,-0.03376880289791153,-0.11388991723453935,0.0,444.9644489164934,445.5082582271381,445.6491347303464,445.42059058804557
4.14,1.6775115572728434,3.7058203979411273,26.906080760703126,0.05038983015583831,5.895779781667681,0.0,3.6904002932062436,2.0337955794425584,5.7215381237271,-0.005590100768823401,-0.11664463757192094,0.0,486.42089272862813,486.20399223823654,485.1833046059393,487.29468514400503
4.199999999999998,1.9065793769777652,3.8286718416686796,27.250529466068897,0.049638885214303485,5.88854556344889,0.0,3.945450565338999,2.0611368034900845,5.759073171185544,-0.03232102893412966,-0.12987073391614914,0.0,474.7769108837976,473.74858384978523,476.7845696927283,474.73750768301386
4.259999999999997,2.1504379989624693,3.9530623489607226,27.595667773645328,0.047600458463912254,5.880609597683755,0.0,4.183540305905347,2.084982499942254,5.7448117924269,-0.03750227650926375,-0.1375416310334939,0.0,460.9570021654003,460.33480121189507,460.2593155576766,459.84853232170406
4.319999999999996,2.4090766634168324,4.078881875879151,27.940779959304123,0.045878891135960664,5.872265616520281,0.0,4.438085665588857,2.108757498068768,5.757964862773128,-0.015215502735275731,-0.1423009283733605,0.0,470.80798595441945,470.4227301838608,470.51660346785076,472.23902315654396
4.379999999999995,2.6822152882426047,4.205999436344662,28.284565395946554,0.04532317690469245,5.863598827063729,0.0,4.666962564896668,2.1283932800717036,5.700995397521238,0.0005690860061744029,-0.1491196441163323,0.0,449.9514701726965,449.37967818476034,449.2556007194095,450.5340946640557
4.439999999999993,2.9682099438359777,4.334182398557357,28.622670649033033,0.045235353017711866,5.855009008551921,0.0,4.866714299662789,2.14435011889803,5.56909509644949,-0.005875838244274186,-0.13333932846091426,0.0,424.4429301942307,425.7751576825956,424.5320798904523,423.9785771933784
4.499999999999992,3.2684358106181914,4.463528114660138,28.95752697090234,0.04443945187325138,5.847340195504984,0.0,5.140979339379459,2.1670588584118353,5.591660218345181,-0.03521659930399377,-0.11858610192376533,0.0,476.6827488364619,477.7952760895787,479.643349358545,477.40933764031223
4.559999999999991,3.5857962727499126,4.594262930726015,29.294910033138482,0.04216336389788289,5.840202734751896,0.0,5.4376921109978635,2.190471414979745,5.653068971112587,-0.04401488571938898,-0.1197106534434707,0.0,491.5904466014313,491.49584809725525,494.12920740095086,493.47947011871514
4.6199999999999894,3.920034900450921,4.726258643138005,29.633768430222656,0.0395183449591725,5.833183017200161,0.0,5.703690315505073,2.209095513548888,5.641319101448187,-0.044221490875400706,-0.11205749013143153,0.0,471.49410311296486,472.0737396231433,472.17812940768596,472.16121399623
4.679999999999988,4.267441841996565,4.859087763514216,29.96595786022773,0.03722628901212932,5.826951286469761,0.0,5.876995839961866,2.2183991511658876,5.43218830555594,-0.028280250147721092,-0.09113226487228848,0.0,402.8799377021458,404.75729726698466,402.37372623665453,403.8138857841118
4.739999999999987,4.626007958668167,4.992500900088584,30.28707906467709,0.035749601579577295,5.821361817064879,0.0,6.075463706179303,2.2285922960514335,5.272049548485959,-0.018132838463494134,-0.09754888046503946,0.0,421.06048424057707,420.4969226285964,420.33371530104546,421.2123379092362
4.799999999999986,4.999308363873882,5.126703203581802,30.604185950058806,0.03419974373122603,5.815730408628994,0.0,6.36767102074699,2.244647245792916,5.29704951979398,-0.0493394485709764,-0.08734529743503748,0.0,485.13677070685986,485.8958207493198,485.14372025914923,482.79404902126726
4.859999999999984,5.391246160653815,5.261898871481913,30.92484736598975,0.031439422746653456,5.810688152271906,0.0,6.696436867296069,2.2615092430394994,5.390073228494341,-0.040057078339661024,-0.07813336268795236,0.0,508.4755017955341,509.1303494382009,508.2794985894208,508.94350165969996
4.919999999999983,5.7995700117827065,5.397841422461554,31.244459366214112,0.029313607201379988,5.806790276185401,0.0,6.914374076718969,2.269734975236907,5.263682756599955,-0.02749380816336155,-0.04681262265599902,0.0,437.6951186346144,440.29134834805694,438.22677165357396,439.2695805299389
4.979999999999982,6.22036937519561,5.534212875810792,31.555351549077724,0.027495616001353973,5.804531121752142,0.0,7.1122682762239835,2.2758655291099146,5.099778104953038,-0.0366022092454145,-0.023763573782777075,0.0,424.0702167606201,426.0452992370362,425.1666145460998,424.3848847154894
5.0399999999999805,6.654716483809667,5.671014519439094,31.85973234460885,0.025578477909246722,5.803436463638114,0.0,7.365497822347749,2.2840019886853367,5.045953042953189,-0.02398145348443513,-0.009018306782271782,0.0,461.8624156018006,463.0243133657328,463.5545301959666,464.54517831381986
5.099999999999979,7.10341354862641,5.808234933524433,32.1594031261343,0.024231942198901457,5.803369294848046,0.0,7.590680213720021,2.289901043434161,4.9431892928873715,-0.01952936611448808,0.011254220874470634,0.0,446.544310342643,448.19555821148634,445.9839024722509,446.34748242492304
5.159999999999978,7.565878347970653,5.9458041918736075,32.4535966418089,0.02282361990847992,5.804132561169794,0.0,7.824254896367979,2.295633491420814,4.863303326245166,-0.032830732137432886,0.01550430229491306,0.0,454.5989412720039,454.93935628108005,454.6770036164094,453.6096910042749
5.219999999999977,8.041904849375141,6.083677529637904,32.74235867363369,0.02164315969782038,5.805341923281873,0.0,8.042781897187675,2.300029500880188,4.762335353352106,-0.001528802635374157,0.028130352053665066,0.0,446.2515738213739,447.2813456163959,445.7051710687739,448.2568718407306
5.279999999999975,8.53161786885677,6.221829416715499,33.02643619412422,0.021468801577213092,5.807526055155201,0.0,8.280218267453039,2.305016842190297,4.706908249979933,-0.005813493795669679,0.049232145411105654,0.0,461.49160226731226,463.1552650587231,462.1488435851216,461.8109507438716
5.339999999999974,9.035207934626275,6.360267220947301,33.30679240782958,0.020996661236281078,5.810136983767833,0.0,8.505335718699433,2.309541964364532,4.638473372831351,-0.012334507906834892,0.028506350131004735,0.0,458.36180783698074,456.71213976603,457.845779605562,457.32661348938234
5.399999999999973,9.551212554869046,6.498928809629719,33.58123474297905,0.020147767344753653,5.812099610164438,0.0,8.694342298667143,2.3124600665951527,4.510151456098057,-0.01804754501836913,0.04001364941488341,0.0,435.59484158886823,436.5568387661344,436.17314006472884,435.69569547805696
5.4599999999999715,10.080132485708651,6.637819616689168,33.8513843372799,0.019493381291728618,5.8142686312941265,0.0,8.935371853904632,2.3171508545584443,4.494664210792293,0.0005068423265301809,0.027018330752326798,0.0,473.08091050738403,472.07940380717474,474.4557485586254,475.8786871937169
5.51999999999997,10.621196779402156,6.776900189917489,34.11636085951787,0.020096351276490232,5.815918455672794,0.0,9.099742132277445,2.318903629460807,4.338643370175861,0.0243840729404472,0.028437626796451006,0.0,425.4510886418531,425.57285499873444,423.3683338262256,425.4184599736356
5.579999999999969,11.175507080248869,6.916240223639691,34.37898776448435,0.022237444133200057,5.817558133824072,0.0,9.376010385762493,2.3259328240666446,4.4147302851103065,0.05195039171329577,0.025011131517235538,0.0,502.69002212090095,502.44167774835853,500.93079316201755,502.9322929896214
5.639999999999968,11.743987409023857,7.055949378711892,34.64171896499269,0.025640322487375578,5.81909082205784,0.0,9.572647438833501,2.331300461247381,4.343134102591922,0.06485246113512104,0.026591206109923004,0.0,455.75788457572145,455.88429641494173,454.69397293037224,455.7288474803574
5.699999999999966,12.322794610607422,7.195967505435716,34.89752577921933,0.02943067774947039,5.82074768516836,0.0,9.7205664007717,2.3362436121351244,4.184552957950284,0.05958310729484568,0.029585712141165694,0.0,424.2820294704675,424.53936868398034,423.7066000468829,423.25627598472556
5.759999999999965,12.911398442207279,7.336396675692096,35.145979839565655,0.03319205425212335,5.823328201295357,0.0,9.898886464725717,2.345016844519752,4.0976068719773915,0.06827095239012897,0.06140930891118077,0.0,446.4579792428725,449.048756334538,447.63903352778,448.34847792787485
5.819999999999964,13.511390359976671,7.477471088007128,35.390986973381416,0.03737235595975452,5.826971070337219,0.0,10.099834890591676,2.357813691070946,4.069377419147117,0.07233418562819219,0.05928795854695594,0.0,466.8372287401649,466.6740434094808,467.2417864132931,467.56197643262476
5.879999999999963,14.125268675505833,7.619543823162576,35.638463591536826,0.04144163349381813,5.8299869860868245,0.0,10.361237186193147,2.378348785695824,4.178952934704745,0.05678608642784619,0.018071451072384056,0.0,512.3725876257835,509.4341019922426,511.9276986346214,510.8225879090052
5.939999999999961,14.75154127601377,7.762663302339634,35.88616551904429,0.044844004884333266,5.831138395179925,0.0,10.514006966873442,2.3925618366338592,4.078206619151515,0.05654598177154482,0.02133844530551182,0.0,443.51442313108845,443.7827187031508,444.82310993411005,444.8056322209443
5.99999999999996,15.3872170882577,7.906720609610768,36.12861383745085,0.04836166400740449,5.832809676357485,0.0,10.674558152361993,2.4096201044862426,4.003687370795054,0.06249443940423679,0.038446485948469174,0.0,452.4796498770679,453.8554939660759,451.34123258538835,451.82355812103884
6.059999999999959,16.03180076577868,8.051798767822321,36.36542792717643,0.052468490657023636,5.835056862259769,0.0,10.811034650055868,2.426623248284847,3.890748080709829,0.07827253025481457,0.03538890232927559,0.0,438.6101237128127,438.3567026856821,437.04958958308544,438.3666914707334
6.1199999999999575,16.68286841903129,8.197786325206081,36.592268743553504,0.057262599525637725,5.837239838793938,0.0,10.891107705326412,2.4399580139888855,3.671984083048345,0.08297421553359621,0.03829994803754122,0.0,396.8508413430142,397.1188362303104,396.5325554074216,396.97036704620524
6.179999999999956,17.338480175128435,8.344613753080951,36.80576746467872,0.06227966620701064,5.839756043035532,0.0,10.962515658139083,2.454634831017002,3.4460655667112445,0.08487399400592645,0.048364319771968436,0.0,389.49718050269945,390.4388801650034,390.8024883934107,390.98635109415784
6.239999999999955,18.002393095325505,8.492931354098117,37.014503511992636,0.06754003565880584,5.842099263573889,0.0,11.166708469382803,2.4897432885173623,3.5112548522775953,0.09274999740917997,0.004139822688303388,0.0,491.44600040130854,488.15653517734813,490.5186864106305,491.10894224566323
6.299999999999954,18.675793564167517,8.643081230333461,37.221654303990306,0.07334537917582473,5.84217068119348,0.0,11.279641222835147,2.5156744119505605,3.3942602645980413,0.10375272363600803,-0.005480522966176812,0.0,430.77529587513754,429.96071094432074,429.1825981623366,430.1240566761845
6.359999999999952,19.35661476614901,8.794987442293488,37.42337963170012,0.07958779626681256,5.842372812192897,0.0,11.413907922774875,2.5483458563538863,3.330006326872008,0.10460882486129486,0.016895940796103834,0.0,446.1840777204371,448.00777243857334,448.2419036665818,448.3208183539785
6.419999999999951,20.04547417937704,8.948966971822918,37.621461539526415,0.0859171382885977,5.8430223116961955,0.0,11.547496198482715,2.5847970869342562,3.2728424965682974,0.10719237430436665,-0.005495061955337301,0.0,450.3905244538471,448.57523133903317,450.0804930759874,450.29917636389763
6.47999999999995,20.740778015414282,9.104963135129848,37.813036802470826,0.09210085280870217,5.8422630353735485,0.0,11.629169079568786,2.61552367053079,3.1137305235264483,0.09317015410573323,-0.03351604726978713,0.0,414.19133648226557,411.7186855158938,413.13746276327123,411.9088227145102
6.5399999999999485,21.441732282507516,9.26304061385945,37.99682471184343,0.09730065948141498,5.840716654006881,0.0,11.735751123512788,2.654115223371947,3.012754618601244,0.0686509749485353,-0.013595739165143797,0.0,432.29528352150425,433.97096434294286,433.13437258445026,431.0728591511211
6.599999999999947,22.149240969484204,9.42354915656429,38.17504764136324,0.10200140649270661,5.839734756922692,0.0,11.847543056261541,2.6964909426800467,2.928207792633422,0.09284710678818243,-0.022574937996693595,0.0,438.6520879738938,437.9056191336497,436.4522743553075,438.4725422776338
6.659999999999946,22.864765102190763,9.586968985589976,38.35110338746139,0.10743368712955537,5.838550951340338,0.0,12.00265764244587,2.751239781415978,2.9397677565436946,0.08546975300367665,-0.01457424795628504,0.0,470.6897359635451,471.30874621909095,470.6369340077309,470.0717644201401
6.719999999999945,23.59040537222969,9.753964537720103,38.5296950663052,0.11266663077353734,5.838157876335671,0.0,12.184486245471685,2.8156515175943433,3.0123554049455517,0.09049497498889975,0.005975946442854676,0.0,490.47422960067144,491.99863244834694,492.0038132235424,492.3813118571923
6.779999999999943,24.3252927867476,9.924550424067817,38.70937739098527,0.11809438764177838,5.838365187151517,0.0,12.311188673403342,2.8709455481122497,2.976979237431673,0.09039786085348263,-0.0021349417138811513,0.0,457.7171788899691,457.0709510257304,458.4524831683666,458.45134053816474
6.839999999999942,25.066191962285313,10.098166010653506,38.883840038173076,0.12337660955236363,5.838066687362723,0.0,12.385280853354022,2.9166341669003244,2.839073913481533,0.08284325567905934,-0.011365398136616437,0.0,421.6119882633982,420.8135098179311,422.0826790590589,421.43681490632486
6.899999999999941,25.811476599423973,10.27459260917622,39.05009313991628,0.12820649909500936,5.837216103015372,0.0,12.45740754541289,2.9646074968909324,2.7032699516575445,0.07534220784651188,-0.0204923800462724,0.0,420.9828220567523,420.1921317788205,421.27372958747037,420.62997769829263
6.95999999999994,26.563855983218716,10.454718207321248,39.21409837134811,0.13300541484155382,5.836370551073809,0.0,12.621149676181007,3.039865035452241,2.762692864531299,0.08793481938980881,-0.0036555196690043522,0.0,486.59179141216543,487.85107427999,486.7827306669048,487.7288999309433
7.019999999999938,27.325431319109214,10.639291259473312,39.38052570089493,0.13805631701935717,5.836074681749329,0.0,12.763995871622306,3.1129139740880234,2.784331805531278,0.07536401303570266,-0.007613094003226104,0.0,476.72107010986576,476.4185646462466,477.3250659146729,476.36967740646077
7.079999999999937,28.095009003121277,10.828187295252112,39.547253264599725,0.14232075009073153,5.83567709740398,0.0,12.888032648073844,3.1838976876285945,2.772944464861432,0.06070907450594866,-0.004722579019208989,0.0,466.193393950938,466.41937983229803,468.0297742437517,466.8909467583773
7.139999999999936,28.871612662367166,11.021303112680789,39.71261480175513,0.14566376259824398,5.834930882895094,0.0,12.998285628094688,3.253503720506516,2.7389902183417996,0.04317502806832249,-0.03603573972803135,0.0,461.2191761773031,458.73858540337454,460.3959291477131,459.0079736371775
7.1999999999999345,29.65528910533018,11.218792648375421,39.87701738157055,0.14803707107917408,5.833117526808142,0.0,13.123806115500399,3.3295500804872518,2.740580924043321,0.03110290872221025,-0.020587001022059355,0.0,471.116877645613,472.3099900501631,473.41326393472684,472.48381964518757
7.259999999999933,30.446173113143814,11.420786200014481,40.040956179045565,0.15019650617044444,5.83151531438533,0.0,13.238553924983188,3.4036165116934303,2.7237429810186495,0.04431037685093479,-0.043192879848780535,0.0,468.23389221972315,466.471106217339,466.4382706245624,467.46943329158
7.319999999999932,31.242860621859602,11.626927197304585,40.201776334497765,0.15247308853613806,5.8291972297146195,0.0,13.317580214464297,3.467875705093654,2.6370446749734002,0.020479355816100362,-0.030800353130951592,0.0,443.29081060609474,444.30759838251856,444.55244515859243,442.5953147585966
7.379999999999931,32.04557142499991,11.837349683198036,40.36007488357822,0.15346983370265121,5.827744950159696,0.0,13.438966930786917,3.5461476031937194,2.639123585569478,0.007468168360929048,-0.013506892375421456,0.0,472.6834171319442,474.0146240691425,475.1882192136207,474.18932028955504
7.439999999999929,32.856590529895264,12.05280461592457,40.520691631666175,0.15375494424223923,5.827213710676755,0.0,13.594176117513173,3.63548719584906,2.71387788529076,-0.0013256013832565858,-0.0008772445558716136,0.0,498.5875967188467,499.50988776202547,498.4863515064288,497.84304313362276
7.499999999999928,33.673641169339,12.272606592133346,40.679356652701216,0.15334971810398024,5.827526117491644,0.0,13.64077593141546,3.69126628095408,2.5758293565579353,-0.020756874709012132,0.015216891954550641,0.0,426.5380856022318,427.9108436114527,428.4095199359594,426.75351215009186
7.559999999999927,34.4934666882621,12.495753937047418,40.82991695101363,0.15247788282970376,5.828632071750585,0.0,13.686607034231574,3.7469475773669596,2.44378608857275,-0.004327770820540218,0.02419221736783613,0.0,427.1487497494616,427.9137411950459,426.4672190218483,427.8688557967184
7.6199999999999255,35.31534215364171,12.72203220621291,40.971388440074776,0.15219555128981543,5.83004793114233,0.0,13.709242348982672,3.7957331107905583,2.2731728245719705,-0.005471983531670739,0.022381350884657286,0.0,410.22207481572275,410.0612813892994,410.62827560755966,410.5268010735854
7.679999999999924,36.14045787927781,12.9518375313983,41.10669540500708,0.15195458582789012,5.831728346269173,0.0,13.794093569585508,3.8643566198619888,2.237313708011999,-0.0012524990640428938,0.03738154557428158,0.0,456.07911208418915,457.2762013609034,456.5252281521793,456.8619790775658
7.739999999999923,36.96977996724501,13.185502828457835,41.238325560591754,0.1522615720607714,5.833810929892646,0.0,13.849622546645652,3.9244992326879453,2.1510409205875685,0.015512674022083013,0.02874585047531092,0.0,438.40491693859394,437.68704347414496,437.5444278993174,438.93842311391404
7.799999999999922,37.80265704807669,13.422875737129408,41.36550936541781,0.15349132844617142,5.835525746582821,0.0,13.912547055985081,3.9879844938778986,2.0888530746618916,0.028955763762797758,0.028247113326473016,0.0,445.9981232901131,445.9575940938009,443.9852637226268,445.08722265354794
7.85999999999992,38.640777071196524,13.664566893744963,41.4922346565321,0.15531040645687533,5.837126141651096,0.0,14.023990510383642,4.068398132596362,2.1349356889635116,0.03291152856327536,0.02332399692351435,0.0,481.06914974466883,480.69619826790245,481.5528803245922,481.85233383734226
7.919999999999919,39.48375999097329,13.91054586687356,41.618200463182,0.15760551893923136,5.838397937380549,0.0,14.075131939286342,4.131036434862427,2.0643556223873443,0.04722336881257086,0.01656106331829052,0.0,442.6830837103424,442.1260268210085,441.5087005636875,442.6890633651661
7.979999999999918,40.33097496499151,14.16071876369761,41.742548991780005,0.160478983380818,5.839073352842195,0.0,14.164783732059878,4.208174397669506,2.0803088912969465,0.04919370317761122,-0.0023232763271849007,0.0,471.7067610241403,470.24558810269315,471.5705424925005,471.7240144016246
8.039999999999917,41.182501970332744,14.415219859518311,41.865802887057384,0.16365946328341785,5.838926022574112,0.0,14.219209298840783,4.275359744829935,2.02826471258288,0.05971201326441908,-0.00272130065746045,0.0,447.899719321008,447.86738678653927,449.1165166548776,449.9709162063233
8.099999999999916,42.03804874791818,14.67406428272209,41.98761845952726,0.16708473643742572,5.839058809022198,0.0,14.29856893568534,4.352944714345025,2.031937903920653,0.05124443617693203,0.010603103505940329,0.0,466.91141569244314,467.9501146156858,468.3654811187358,467.7082716363459
8.159999999999915,42.89671621645382,14.937050709153727,42.10639229263719,0.1702563718849195,5.839743081616152,0.0,14.323588607256406,4.413486911452773,1.92777365238484,0.0559103080502816,0.012961077129687122,0.0,430.2061612058392,430.40572976723274,430.12972175320067,430.52675718151744
8.219999999999914,43.7559358855454,15.203382055105763,42.21710333407454,0.1731379503120163,5.840320576798028,0.0,14.317203890736648,4.464493265895068,1.7636212533104416,0.023524928546876447,0.0019404241220309626,0.0,406.86106227345294,405.87264940813054,407.37224583244773,404.46626603007724
8.279999999999912,44.618306292819696,15.474093320148675,42.32544665449536,0.17507733967067107,5.840151390358564,0.0,14.427786801281208,4.559119675218066,1.8469877467732854,0.045787027762752834,-0.01462872284644915,0.0,492.1541666501189,490.9259387504012,489.9733894516808,491.6264445149586
8.339999999999911,45.484229223019,15.749384140375826,42.43249269065253,0.17765800494650552,5.838833420777913,0.0,14.43644080622172,4.617409914012069,1.7218027887184548,0.036785753746551984,-0.04366403283740115,0.0,422.2335254735191,419.71992757318577,420.9273575448737,420.1484816153805
8.39999999999991,46.35275456620286,16.028962701503275,42.53636415699047,0.17989562737012843,5.8361903086667155,0.0,14.51418376200394,4.701832760908285,1.7399206150694109,0.03829051027921939,-0.04483881076401532,0.0,471.13227130912895,471.04042665044574,470.0643140722783,470.1815139289623
8.459999999999908,47.225010095576685,16.31326544815824,42.63936439800264,0.18186650435206353,5.8333614625895915,0.0,14.560994863039499,4.774939619500667,1.6932454711767788,0.018799410549575183,-0.052216689419892236,0.0,450.83610193148473,450.2380530331473,449.7183299335718,448.136584005915
8.519999999999907,48.09850356566803,16.6013614898876,42.73633171890881,0.1825730121201623,5.830383968268556,0.0,14.55581899738119,4.828310020853762,1.5396709417851235,-0.008470623436790663,-0.044890356547391506,0.0,410.3832270971024,411.0315179412272,411.6125332614932,409.19100610651236
8.579999999999906,48.973779309724364,16.893415200132978,42.82830645395876,0.18214154952704842,5.827368592736848,0.0,14.619934231497767,4.906564807295258,1.5258278828054164,-0.004747325052027551,-0.06403908391615705,0.0,460.0587719144723,458.5379409876679,460.62669095175477,460.92125565423856
8.639999999999905,49.851889152611356,17.18974617065918,42.91737660606385,0.18252685959747694,5.823387127771575,0.0,14.650587731874293,4.971009528863807,1.4432443486613011,0.02255097651820568,-0.07145033501616366,0.0,436.5477848723174,435.9253043509825,435.54454886435434,437.822528329585
8.699999999999903,50.73392430817648,17.490675059860042,43.00555147352812,0.1835926211294412,5.81879154814834,0.0,14.75037660803733,5.0597274668654375,1.4948160268504767,0.005867091105663011,-0.08962328902724861,0.0,483.7130712483926,482.3378558863176,483.9355808285103,482.6776122336139
8.759999999999902,51.62014701248484,17.79623202477026,43.09314151559566,0.1834743369013907,5.814277480314658,0.0,14.790583573036463,5.125345574584934,1.4247074496724548,-0.026239423993555,-0.05593045104392075,0.0,442.69637023647704,445.45620694242183,444.3829760190267,441.74231538594546
8.8199999999999,52.51062751284458,18.106337636337173,43.180032170494066,0.1820895341039348,5.81131750692818,0.0,14.891769518842885,5.211060108464293,1.4708363943709104,-0.017411372895364756,-0.03863463547674232,0.0,483.2708629182955,484.5718582426841,483.59125112586247,484.25599444602597
8.8799999999999,53.406070090077165,18.421134005998567,43.26753920654616,0.18130673227072958,5.808764864969964,0.0,14.95617421013445,5.281886891220307,1.445868732882252,-0.005499881985845803,-0.0518060351033158,0.0,462.1362846393389,461.09556280411846,460.7615909233659,461.7027925820425
8.939999999999898,54.306247598756045,18.74044293835723,43.35521286819933,0.1808423158512138,5.805699563140937,0.0,15.049446518469418,5.361421928880846,1.4758437968905822,-0.012646864474657137,-0.04969080692480239,0.0,480.2255671731294,480.3845948350769,481.59712283157444,481.05616511395635
8.999999999999897,55.209191986777704,19.06349605171989,43.43928112681726,0.1800420317284619,5.802265884907161,0.0,15.04906509120297,5.4069447206386485,1.3271541421360677,-0.014757564721211872,-0.07989672971554163,0.0,418.8138952290906,416.17438690983124,419.19210869194234,419.0086789856146
9.059999999999896,56.112093045717266,19.389228263921883,43.5143685448558,0.17924306684879365,5.797453211660077,0.0,15.048102697809586,5.450692719198555,1.1763230543520529,-0.01057871636637251,-0.08084733761275244,0.0,416.46255604467666,416.3737172344872,415.12827807394024,415.4950671292966
9.119999999999894,57.01844740658268,19.718716121117417,43.586873897498364,0.17831596039797137,5.792424825509309,0.0,15.163427705265416,5.531792299730089,1.2393037139157517,-0.02761643557250755,-0.0904963211576809,0.0,490.30187849373095,489.5791710410741,492.89271169710463,491.63160788891787
9.179999999999893,57.929941530215565,20.052402374606263,43.659739732616245,0.17669146526560908,5.786829412787409,0.0,15.2198570786853,5.590740811353611,1.1892375194196503,-0.02601345321974583,-0.09944020771170356,0.0,455.0351688235663,454.3111550933754,455.2777220699366,455.4058600088442
9.239999999999892,58.844413897673334,20.389414542373896,43.728737181245805,0.1750969510368403,5.781173308889713,0.0,15.262808113283954,5.642707022150813,1.1105571155182066,-0.02772299787820475,-0.08554151418365039,0.0,444.79539960964144,445.9250399532064,445.63538322758023,445.49541467936973
9.29999999999989,59.760993613772456,20.729323608807416,43.79207318754238,0.1730172265390859,5.776475921799975,0.0,15.290144921099504,5.687362102774311,1.0008944255215257,-0.05452010363778417,-0.06673986214646155,0.0,433.95727084222824,435.5281070276657,434.57707043382396,432.32339138900267
9.35999999999989,60.6794774688827,21.07192282272131,43.8492635903274,0.16954093511363677,5.772639501670932,0.0,15.326166041981809,5.732266536822191,0.9057635766190743,-0.06583875605778931,-0.058861080639121655,0.0,438.348192129839,438.99964146817945,439.2028298885536,438.26026061444213
9.419999999999888,61.59987710523292,21.417059905496576,43.90032196297882,0.16557861294199228,5.769129990751225,0.0,15.354037244276876,5.771956879546205,0.7966815943396651,-0.06644142434944442,-0.05776373232272641,0.0,431.6553343004169,431.74547863153833,433.46759042696965,433.4135672579534
9.479999999999887,62.523420468913606,21.764922775330778,43.947428019121794,0.1613429685131429,5.765294552683896,0.0,15.430618370031395,5.822950729582913,0.7733177598965524,-0.08055404688837337,-0.0805723424008479,0.0,463.5219393018785,461.7222960987067,463.6207717180397,462.50650738503134
9.539999999999885,63.44934507774077,22.115119351988337,43.98928737303404,0.1562546848603663,5.759875385160942,0.0,15.434003430054323,5.849927563419293,0.6227295248429501,-0.09505094795767718,-0.1308685584718218,0.0,417.4172723942434,412.9936451024605,416.9705414339901,415.6950276555917
9.599999999999884,64.37712336221249,22.46727035781925,44.02487411856309,0.15045974291401087,5.752520151567317,0.0,15.492224754661077,5.887809284604209,0.5632024987257845,-0.09983335184343958,-0.10975398068367308,0.0,448.86845169218975,450.5656559165586,448.6302777918113,448.23375682644695
9.659999999999883,65.31001977152224,22.821966350325653,44.059486339071405,0.14496386548106344,5.746249786680405,0.0,15.60418179354509,5.9346111368651995,0.5896428344906259,-0.07881780555786007,-0.09567091381219675,0.0,479.3822002126632,480.44278165931195,479.8118699502263,481.3987037278292
9.719999999999882,66.24663162865392,23.17860940458318,44.090585930051674,0.14121975759028338,5.740672919159104,0.0,15.616657207775921,5.9531896428679065,0.4475519726862086,-0.041307476713362594,-0.08799617665833087,0.0,418.10622065511996,418.76672793961717,420.3056043202807,423.54186621623
9.77999999999988,67.18557869239007,23.53666463986742,44.11572533066336,0.13877054165164004,5.73566019795426,0.0,15.681621153269246,5.981668236497202,0.3902329085359426,-0.03986347753385016,-0.07587362002382206,0.0,450.11832403937024,451.0930405609449,451.9340274933627,452.04961012186203
9.839999999999879,68.12694807369759,23.896032153242516,44.134991257982115,0.13664550747914195,5.730802565594679,0.0,15.697704393818375,5.997083027125529,0.2524908613723793,-0.027749494780828055,-0.0938067095844665,0.0,420.46972381023846,418.906638074443,421.56046763050546,422.6057468559644
9.899999999999878,69.0690626876547,24.256228750731818,44.14561837644326,0.13519778035747088,5.725417403281774,0.0,15.706543415881873,6.0093563043670954,0.10225067523969857,-0.01772554553077278,-0.08268141960844497,0.0,414.03895088162875,415.0096036320666,414.3989827030067,415.279443539721
9.959999999999877,70.01206066829744,24.617199968533455,44.14776346396375,0.134015828495488,5.720500537906659,0.0,15.727033580853771,6.022917380395055,-0.03035258497743426,-0.023971216802569216,-0.08052027235339035,0.0,420.3821093113231,420.56355682068295,420.58908818485884,420.0475767940833
10.019999999999875,70.95673002069438,24.979043644291785,44.14262954068232,0.13201660076109434,5.715718222609656,0.0,15.762147830107958,6.038384334049276,-0.1405387654793562,-0.06863565989086368,-0.07812405710048086,0.0,427.8328659622387,428.03155947130085,430.43500314076414,426.63579875886643
